121 85
121 84
122 84
122 84
122 83
123 83
123 83
124 82
124 82
124 82
125 81
125 81
125 81
126 80
126 80
127 80
127 80
127 79
128 79
128 79
129 78
129 78
129 78
130 77
130 77
131 77
131 76
131 76
132 76
132 75
132 75
133 75
133 74
134 74
134 74
134 73
135 73
135 73
136 73
136 72
136 72
137 72
137 71
138 71
138 71
138 70
139 70
139 70
139 69
140 69
140 69
141 68
141 68
141 68
142 67
142 67
143 67
143 67
143 66
144 66
144 66
144 65
145 65
145 65
146 64
146 64
146 64
147 63
147 63
148 63
148 62
148 62
149 62
149 61
149 61
150 61
150 60
151 60
151 60
151 59
152 59
152 59
152 58
153 58
153 58
153 57
154 57
154 57
154 56
155 56
155 55
155 55
155 54
156 54
156 53
156 53
156 53
156 52
157 52
157 51
157 51
157 50
157 50
157 49
158 49
158 48
158 48
158 47
158 47
158 46
158 46
158 46
159 45
159 45
159 44
159 44
160 43
160 43
160 42
160 42
161 42
161 41
162 41
162 41
162 40
163 40
163 40
163 39
164 39
164 39
165 39
165 38
165 37
166 37
166 37
167 37
167 37
168 37
168 37
169 36
169 36
169 37
169 37
170 38
171 37
172 36
172 35
173 35
173 35
174 35
174 35
175 35
175 35
176 35
176 35
177 35
177 35
178 35
178 35
179 35
179 35
180 35
180 35
181 35
181 35
182 35
182 35
183 35
183 35
184 35
184 35
185 35
185 35
186 35
186 35
187 35
187 35
188 35
188 35
189 35
189 35
190 35
190 35
191 35
191 35
192 35
192 35
193 35
193 35
194 35
194 35
195 35
195 35
196 35
196 35
197 35
197 35
198 35
198 35
199 35
199 35
200 35
200 35
201 35
201 35
202 35
202 35
203 35
203 35
204 35
204 35
205 35
205 35
206 35
206 35
207 35
207 35
208 35
208 35
209 35
209 35
210 35
210 35
211 35
211 35
212 35
212 35
213 35
213 35
214 35
214 35
215 35
215 35
216 35
216 35
217 35
217 35
218 35
218 35
219 35
219 35
220 35
220 35
221 35
221 35
222 35
222 35
223 35
223 35
224 35
224 35
225 35
225 35
226 35
226 35
227 35
227 35
228 35
228 35
229 35
229 35
230 35
230 35
231 35
231 35
232 35
232 35
233 35
233 35
234 35
234 35
235 35
235 35
236 35
236 35
237 35
237 35
238 35
238 35
239 35
239 35
240 35
240 35
241 35
241 35
242 35
242 35
243 35
243 35
244 35
244 35
245 35
245 35
246 35
246 35
247 35
247 35
248 36
249 35
250 34
251 34
252 34
253 34
